Account: 510075151 | Balance: 446.26 | Equity: 703.49 | Profit: 257.23

--- Closed Deals (Last 12h: 1600) ---
            time  symbol  type  entry  volume     price  profit       comment
1580  1773297799  XAGUSD     0      1    0.05    84.968  -51.00   [sl 84.964]
1581  1773297799  XAGUSD     0      1    0.05    84.968  -50.00   [sl 84.968]
1582  1773297799  XAGUSD     0      1    0.05    84.976  -51.00   [sl 84.972]
1583  1773297814  XAUUSD     1      0    0.05  5151.410    0.00    V5_SELL_85
1584  1773297814  XAGUSD     1      0    0.08    84.865    0.00    V5_SELL_85
1585  1773297841  XAUUSD     0      1    0.05  5153.510  -10.50  [sl 5153.41]
1586  1773297844  XAUUSD     1      0    0.05  5153.080    0.00    V5_SELL_85
1587  1773297844  XAGUSD     1      0    0.08    84.874    0.00    V5_SELL_85
1588  1773297844  XAUUSD     0      1    0.05  5153.640  -10.15  [sl 5153.61]
1589  1773297874  XAUUSD     1      0    0.05  5152.930    0.00    V5_SELL_85
1590  1773297875  XAGUSD     1      0    0.05    84.859    0.00    V5_SELL_85
1591  1773297905  XAUUSD     1      0    0.05  5152.700    0.00    V5_SELL_85
1592  1773297905  XAGUSD     1      0    0.05    84.869    0.00    V5_SELL_85
1593  1773297935  XAUUSD     1      0    0.05  5152.100    0.00    V5_SELL_85
1594  1773297935  XAGUSD     1      0    0.05    84.863    0.00    V5_SELL_85
1595  1773297965  XAUUSD     1      0    0.05  5152.070    0.00    V5_SELL_85
1596  1773297965  XAGUSD     1      0    0.05    84.838    0.00    V5_SELL_85
1597  1773297995  XAUUSD     1      0    0.05  5152.070    0.00    V5_SELL_85
1598  1773297995  XAGUSD     1      0    0.05    84.857    0.00    V5_SELL_85
1599  1773298025  XAUUSD     1      0    0.05  5151.640    0.00    V5_SELL_85
Total History Profit: -2424.2300000000005

--- Open Positions (53) ---
    symbol  type  volume  price_open  price_current  profit     comment
0   EURUSD     1    0.05     1.15690        1.15506    9.20  V5_SELL_85
1   EURUSD     1    0.05     1.15689        1.15506    9.15  V5_SELL_85
2   EURUSD     1    0.05     1.15686        1.15506    9.00  V5_SELL_85
3   EURUSD     1    0.05     1.15680        1.15506    8.70  V5_SELL_85
4   EURUSD     1    0.05     1.15680        1.15506    8.70  V5_SELL_85
5   EURUSD     1    0.05     1.15679        1.15506    8.65  V5_SELL_85
6   EURUSD     1    0.05     1.15678        1.15506    8.60  V5_SELL_85
7   EURUSD     1    0.05     1.15676        1.15506    8.50  V5_SELL_85
8   EURUSD     1    0.05     1.15674        1.15506    8.40  V5_SELL_85
9   EURUSD     1    0.05     1.15665        1.15506    7.95  V5_SELL_85
10  EURUSD     1    0.05     1.15665        1.15506    7.95  V5_SELL_85
11  USDJPY     0    0.05   158.91800      158.89700   -0.66   V5_BUY_85
12  EURUSD     1    0.05     1.15665        1.15506    7.95  V5_SELL_85
13  USDJPY     0    0.05   158.91800      158.89700   -0.66   V5_BUY_85
14  EURUSD     1    0.05     1.15666        1.15506    8.00  V5_SELL_85
15  USDJPY     0    0.05   158.91500      158.89700   -0.57   V5_BUY_85
16  EURUSD     1    0.05     1.15673        1.15506    8.35  V5_SELL_85
17  USDJPY     0    0.05   158.91600      158.89700   -0.60   V5_BUY_85
18  EURUSD     1    0.05     1.15674        1.15506    8.40  V5_SELL_85
19  USDJPY     0    0.05   158.91400      158.89700   -0.53   V5_BUY_85
20  EURUSD     1    0.05     1.15674        1.15506    8.40  V5_SELL_85
21  USDJPY     0    0.05   158.90700      158.89700   -0.31   V5_BUY_85
22  EURUSD     1    0.05     1.15672        1.15506    8.30  V5_SELL_85
23  USDJPY     0    0.05   158.90800      158.89700   -0.35   V5_BUY_85
24  USDJPY     0    0.05   158.90800      158.89700   -0.35   V5_BUY_85
25  USDJPY     0    0.05   158.91400      158.89700   -0.53   V5_BUY_85
26  USDJPY     0    0.05   158.91400      158.89700   -0.53   V5_BUY_85
27  USDJPY     0    0.05   158.91300      158.89700   -0.50   V5_BUY_85
28  USDJPY     0    0.05   158.91800      158.89700   -0.66   V5_BUY_85
29  USDJPY     0    0.05   158.91900      158.89700   -0.69   V5_BUY_85
30  USDJPY     0    0.05   158.89300      158.89700    0.13   V5_BUY_85
31  USDJPY     0    0.05   158.89900      158.89700   -0.06   V5_BUY_85
32  USDJPY     0    0.05   158.90300      158.89700   -0.19   V5_BUY_85
33  USDJPY     0    0.05   158.91000      158.89700   -0.41   V5_BUY_85
34  GBPUSD     0    0.05     1.33781        1.33800    0.95   V5_BUY_95
35  GBPUSD     0    0.05     1.33780        1.33800    1.00   V5_BUY_90
36  GBPUSD     0    0.05     1.33778        1.33800    1.10   V5_BUY_90
37  GBPUSD     0    0.05     1.33716        1.33800    4.20   V5_BUY_95
38  GBPUSD     0    0.05     1.33714        1.33800    4.30   V5_BUY_90
39  GBPUSD     0    0.05     1.33735        1.33800    3.25   V5_BUY_90
40  GBPUSD     0    0.05     1.33729        1.33800    3.55   V5_BUY_90
41  GBPUSD     0    0.05     1.33729        1.33800    3.55   V5_BUY_90
42  GBPUSD     0    0.05     1.33730        1.33800    3.50   V5_BUY_90
43  GBPUSD     0    0.05     1.33679        1.33800    6.05   V5_BUY_90
44  GBPUSD     0    0.05     1.33671        1.33800    6.45   V5_BUY_95
45  GBPUSD     0    0.05     1.33671        1.33800    6.45   V5_BUY_90
46  GBPUSD     0    0.05     1.33678        1.33800    6.10   V5_BUY_95
47  GBPUSD     0    0.05     1.33688        1.33800    5.60   V5_BUY_90
48  GBPUSD     0    0.05     1.33692        1.33800    5.40   V5_BUY_95
49  GBPUSD     0    0.05     1.33687        1.33800    5.65   V5_BUY_90
50  GBPUSD     0    0.05     1.33688        1.33800    5.60   V5_BUY_95
51  GBPUSD     0    0.05     1.33689        1.33800    5.55   V5_BUY_90
52  XAGUSD     1    0.05    86.49600       86.32700   42.25  V5_SELL_95
